[MainStar]
mass : 0.88
coreMass : 0.392
radius : 0.46491
coreRadius : 0.0009282
metalicity : 0.02
sphParticles : 500000.0
envelopeRadius : 0.3858753
relaxationTime : 10000
relaxationTimeSteps : 4

[BinaryStar]
mass1: 0.6
mass2: 1.0
radius1: 0.00232455
semmimajor: 0.1

[TripleStar]
evolutionTime: 10
