[MainStar]
mass : 1.0
coreMass : 0.392
radius : 0.385989
coreRadius : 0.0009282
metalicity : 0.02
sphParticles : 500000.0
relaxationTime : 100.0
relaxationTimeSteps : 1000
evolutionTime: 1000.0
evolutionTimeSteps: 2000
numberOfWorkers: 8

[Binary]
mass1: 1.0
mass2: 0.6
radius1: 0.385989
radius2: 0.00232455
semmimajor: 0.46491
inclination: 0.0
eccentricity: 0.0

