[MainStar]
mass : 0.88
coreMass : 0.392
radius : 0.46491
coreRadius : 0.0009282
metalicity : 0.02
sphParticles : 500000.0
envelopeRadius : 0.8858753
relaxationTime : 100.0
relaxationTimeSteps : 1000
evolutionTime: 240.0
evolutionTimeSteps: 4800
numberOfWorkers: 8

[Binary]
mass1: 0.88
mass2: 0.6
radius1: 0.46491
radius2: 0.00232455
semmimajor: 0.00232455
inclination: 0.0
eccentricity: 0.0

