[MainStar]
mass : 0.88
coreMass : 0.392
radius : 0.46491
coreRadius : 0.0009282
metalicity : 0.02
sphParticles : 500000.0
envelopeRadius : 0.8858753
relaxationTime : 10000
relaxationTimeSteps : 5

[BinaryStar]
mass1: 0.6
mass2: 0.000000001
radius1: 0.00232455
semmimajor: 0.00232455

[TripleStar]
evolutionTime: 10
